\begin{tabular}{lrrrrrrrrrrrrrrrrrrrrrrrrrrrrrrrr}
\toprule
{} &  TempMax &  TempAvg &  SpatMax &  SpatAvg &  TempDist &  SpatDist &  Coverage &  TLCar &  TLHGV &  Strasse &  Kat &  Typ &  Betei &  UArt1 &  UArt2 &  AUrs1 &  AUrs2 &  AufHi &  Alkoh &  Char1 &  Char2 &  Bes1 &  Bes2 &  Lich1 &  Lich2 &  Zust1 &  Zust2 &  Fstf &  StrklVu &  WoTag &  FeiTag &  Month \\
\midrule
TempMax  &     1.00 &     0.80 &     0.46 &     0.50 &     -0.30 &     -0.09 &     -0.27 &   0.02 &  -0.03 &     0.26 & 0.14 & 0.06 &   0.09 &   0.12 &   0.08 &   0.13 &   0.06 &   0.14 &  -0.01 &   0.05 &   0.04 &  0.08 &  0.02 &   0.04 &   0.03 &   0.12 &   0.01 & -0.00 &     0.03 &   0.10 &   -0.00 &   0.14 \\
TempAvg  &     0.80 &     1.00 &     0.16 &     0.51 &     -0.16 &     -0.07 &      0.10 &   0.02 &  -0.01 &     0.17 & 0.16 & 0.06 &   0.08 &   0.09 &   0.06 &   0.11 &   0.08 &   0.15 &   0.02 &   0.01 &   0.02 &  0.05 &  0.01 &   0.04 &   0.03 &   0.06 &   0.05 &  0.01 &     0.03 &   0.09 &    0.01 &   0.10 \\
SpatMax  &     0.46 &     0.16 &     1.00 &     0.42 &     -0.18 &     -0.07 &     -0.39 &  -0.03 &  -0.08 &     0.25 & 0.04 & 0.06 &   0.08 &   0.10 &   0.08 &   0.09 &   0.03 &   0.10 &  -0.03 &   0.04 &   0.03 &  0.05 &  0.01 &   0.05 &   0.05 &   0.07 &   0.02 &  0.03 &     0.01 &   0.12 &    0.02 &   0.12 \\
SpatAvg  &     0.50 &     0.51 &     0.42 &     1.00 &     -0.10 &     -0.13 &      0.08 &   0.01 &  -0.07 &     0.25 & 0.23 & 0.10 &   0.08 &   0.19 &   0.04 &   0.17 &   0.11 &   0.06 &  -0.02 &   0.04 &   0.00 &  0.08 &  0.02 &   0.03 &   0.01 &   0.02 &   0.12 &  0.04 &     0.01 &   0.11 &    0.04 &   0.10 \\
TempDist &    -0.30 &    -0.16 &    -0.18 &    -0.10 &      1.00 &      0.05 &      0.31 &  -0.02 &   0.02 &     0.17 & 0.19 & 0.24 &  -0.04 &   0.29 &   0.12 &   0.20 &   0.11 &   0.21 &   0.04 &   0.11 &   0.11 &  0.08 &  0.02 &   0.13 &   0.13 &   0.14 &   0.02 &  0.03 &     0.01 &   0.11 &    0.02 &   0.09 \\
SpatDist &    -0.09 &    -0.07 &    -0.07 &    -0.13 &      0.05 &      1.00 &     -0.03 &  -0.02 &   0.02 &     0.22 & 0.10 & 0.05 &  -0.03 &   0.07 &   0.06 &   0.15 &   0.02 &   0.03 &  -0.03 &   0.07 &   0.02 &  0.05 &  0.01 &   0.09 &   0.05 &   0.07 &   0.01 &  0.04 &     0.03 &   0.08 &    0.00 &   0.07 \\
Coverage &    -0.27 &     0.10 &    -0.39 &     0.08 &      0.31 &     -0.03 &      1.00 &   0.00 &   0.02 &     0.29 & 0.13 & 0.21 &  -0.02 &   0.24 &   0.12 &   0.22 &   0.10 &   0.21 &   0.07 &   0.11 &   0.08 &  0.08 &  0.02 &   0.16 &   0.15 &   0.17 &   0.03 &  0.02 &     0.02 &   0.16 &    0.02 &   0.15 \\
TLCar    &     0.02 &     0.02 &    -0.03 &     0.01 &     -0.02 &     -0.02 &      0.00 &   1.00 &   0.01 &     0.08 & 0.02 & 0.06 &   0.01 &   0.07 &   0.06 &   0.07 &   0.05 &   0.04 &  -0.03 &   0.04 &   0.04 &  0.02 &  0.00 &   0.03 &   0.03 &   0.04 &   0.02 & -0.03 &     0.04 &   0.04 &   -0.02 &   0.04 \\
TLHGV    &    -0.03 &    -0.01 &    -0.08 &    -0.07 &      0.02 &      0.02 &      0.02 &   0.01 &   1.00 &     0.11 & 0.02 & 0.06 &  -0.02 &   0.07 &   0.05 &   0.14 &   0.08 &   0.06 &  -0.00 &   0.05 &   0.02 &  0.02 &  0.04 &   0.03 &   0.03 &   0.05 &   0.02 & -0.01 &     0.04 &   0.07 &    0.03 &   0.12 \\
Strasse  &     0.26 &     0.17 &     0.25 &     0.25 &      0.17 &      0.22 &      0.29 &   0.08 &   0.11 &     1.00 & 0.13 & 0.13 &   0.10 &   0.11 &   0.10 &   0.10 &   0.06 &   0.10 &   0.07 &   0.14 &   0.10 &  0.17 &  0.08 &   0.12 &   0.10 &   0.14 &   0.12 &  0.16 &     0.09 &   0.11 &    0.09 &   0.11 \\
Kat      &     0.14 &     0.16 &     0.04 &     0.23 &      0.19 &      0.10 &      0.13 &   0.02 &   0.02 &     0.13 & 1.00 & 0.20 &   0.21 &   0.35 &   0.13 &   0.11 &   0.05 &   0.17 &   0.05 &   0.08 &   0.07 &  0.14 &  0.03 &   0.06 &   0.06 &   0.06 &   0.07 &  0.09 &     0.03 &   0.09 &    0.06 &   0.10 \\
Typ      &     0.06 &     0.06 &     0.06 &     0.10 &      0.24 &      0.05 &      0.21 &   0.06 &   0.06 &     0.13 & 0.20 & 1.00 &   0.31 &   0.59 &   0.09 &   0.25 &   0.08 &   0.25 &   0.10 &   0.13 &   0.19 &  0.13 &  0.02 &   0.08 &   0.08 &   0.20 &   0.13 &  0.13 &     0.06 &   0.10 &    0.06 &   0.09 \\
Betei    &     0.09 &     0.08 &     0.08 &     0.08 &     -0.04 &     -0.03 &     -0.02 &   0.01 &  -0.02 &     0.10 & 0.21 & 0.31 &   1.00 &   0.29 &   0.08 &   0.18 &   0.30 &   0.20 &   0.04 &   0.08 &   0.15 &  0.08 &  0.05 &   0.09 &   0.06 &   0.15 &   0.28 &  0.09 &     0.04 &   0.09 &    0.05 &   0.08 \\
UArt1    &     0.12 &     0.09 &     0.10 &     0.19 &      0.29 &      0.07 &      0.24 &   0.07 &   0.07 &     0.11 & 0.35 & 0.59 &   0.29 &   1.00 &   0.13 &   0.22 &   0.10 &   0.30 &   0.10 &   0.16 &   0.17 &  0.18 &  0.04 &   0.09 &   0.08 &   0.18 &   0.09 &  0.13 &     0.09 &   0.11 &    0.08 &   0.08 \\
UArt2    &     0.08 &     0.06 &     0.08 &     0.04 &      0.12 &      0.06 &      0.12 &   0.06 &   0.05 &     0.10 & 0.13 & 0.09 &   0.08 &   0.13 &   1.00 &   0.14 &   0.05 &   0.24 &   0.02 &   0.08 &   0.11 &  0.09 &  0.01 &   0.06 &   0.07 &   0.06 &   0.05 &  0.07 &     0.05 &   0.07 &    0.04 &   0.08 \\
AUrs1    &     0.13 &     0.11 &     0.09 &     0.17 &      0.20 &      0.15 &      0.22 &   0.07 &   0.14 &     0.10 & 0.11 & 0.25 &   0.18 &   0.22 &   0.14 &   1.00 &   0.45 &   0.15 &   0.03 &   0.10 &   0.15 &  0.11 &  0.01 &   0.10 &   0.10 &   0.48 &   0.49 &  0.07 &     0.01 &   0.10 &    0.05 &   0.14 \\
AUrs2    &     0.06 &     0.08 &     0.03 &     0.11 &      0.11 &      0.02 &      0.10 &   0.05 &   0.08 &     0.06 & 0.05 & 0.08 &   0.30 &   0.10 &   0.05 &   0.45 &   1.00 &   0.04 &   0.01 &   0.04 &   0.11 &  0.21 &  0.00 &   0.05 &   0.03 &   0.17 &   0.45 &  0.03 &     0.00 &   0.07 &    0.01 &   0.08 \\
AufHi    &     0.14 &     0.15 &     0.10 &     0.06 &      0.21 &      0.03 &      0.21 &   0.04 &   0.06 &     0.10 & 0.17 & 0.25 &   0.20 &   0.30 &   0.24 &   0.15 &   0.04 &   1.00 &   0.02 &   0.09 &   0.18 &  0.12 &  0.01 &   0.07 &   0.06 &   0.16 &   0.06 &  0.09 &     0.04 &   0.09 &    0.07 &   0.08 \\
Alkoh    &    -0.01 &     0.02 &    -0.03 &    -0.02 &      0.04 &     -0.03 &      0.07 &  -0.03 &  -0.00 &     0.07 & 0.05 & 0.10 &   0.04 &   0.10 &   0.02 &   0.03 &   0.01 &   0.02 &   1.00 &   0.06 &   0.00 &  0.02 &  0.10 &   0.13 &   0.11 &   0.02 &   0.01 &  0.06 &     0.01 &   0.04 &    0.00 &   0.06 \\
Char1    &     0.05 &     0.01 &     0.04 &     0.04 &      0.11 &      0.07 &      0.11 &   0.04 &   0.05 &     0.14 & 0.08 & 0.13 &   0.08 &   0.16 &   0.08 &   0.10 &   0.04 &   0.09 &   0.06 &   1.00 &   0.59 &  0.07 &  0.01 &   0.05 &   0.06 &   0.07 &   0.03 &  0.06 &     0.01 &   0.06 &    0.03 &   0.08 \\
Char2    &     0.04 &     0.02 &     0.03 &     0.00 &      0.11 &      0.02 &      0.08 &   0.04 &   0.02 &     0.10 & 0.07 & 0.19 &   0.15 &   0.17 &   0.11 &   0.15 &   0.11 &   0.18 &   0.00 &   0.59 &   1.00 &  0.07 &  0.07 &   0.07 &   0.07 &   0.12 &   0.00 &  0.11 &     0.01 &   0.09 &    0.03 &   0.07 \\
Bes1     &     0.08 &     0.05 &     0.05 &     0.08 &      0.08 &      0.05 &      0.08 &   0.02 &   0.02 &     0.17 & 0.14 & 0.13 &   0.08 &   0.18 &   0.09 &   0.11 &   0.21 &   0.12 &   0.02 &   0.07 &   0.07 &  1.00 &  0.41 &   0.05 &   0.04 &   0.07 &   0.05 &  0.11 &     0.02 &   0.07 &    0.01 &   0.12 \\
Bes2     &     0.02 &     0.01 &     0.01 &     0.02 &      0.02 &      0.01 &      0.02 &   0.00 &   0.04 &     0.08 & 0.03 & 0.02 &   0.05 &   0.04 &   0.01 &   0.01 &   0.00 &   0.01 &   0.10 &   0.01 &   0.07 &  0.41 &  1.00 &   0.01 &   0.01 &   0.01 &   0.12 &  0.03 &     0.00 &   0.05 &    0.07 &   0.06 \\
Lich1    &     0.04 &     0.04 &     0.05 &     0.03 &      0.13 &      0.09 &      0.16 &   0.03 &   0.03 &     0.12 & 0.06 & 0.08 &   0.09 &   0.09 &   0.06 &   0.10 &   0.05 &   0.07 &   0.13 &   0.05 &   0.07 &  0.05 &  0.01 &   1.00 &   0.71 &   0.46 &   0.03 &  0.06 &     0.04 &   0.07 &    0.03 &   0.21 \\
Lich2    &     0.03 &     0.03 &     0.05 &     0.01 &      0.13 &      0.05 &      0.15 &   0.03 &   0.03 &     0.10 & 0.06 & 0.08 &   0.06 &   0.08 &   0.07 &   0.10 &   0.03 &   0.06 &   0.11 &   0.06 &   0.07 &  0.04 &  0.01 &   0.71 &   1.00 &   0.15 &   0.02 &  0.05 &     0.04 &   0.07 &    0.03 &   0.25 \\
Zust1    &     0.12 &     0.06 &     0.07 &     0.02 &      0.14 &      0.07 &      0.17 &   0.04 &   0.05 &     0.14 & 0.06 & 0.20 &   0.15 &   0.18 &   0.06 &   0.48 &   0.17 &   0.16 &   0.02 &   0.07 &   0.12 &  0.07 &  0.01 &   0.46 &   0.15 &   1.00 &   0.18 &  0.06 &     0.03 &   0.08 &    0.04 &   0.27 \\
Zust2    &     0.01 &     0.05 &     0.02 &     0.12 &      0.02 &      0.01 &      0.03 &   0.02 &   0.02 &     0.12 & 0.07 & 0.13 &   0.28 &   0.09 &   0.05 &   0.49 &   0.45 &   0.06 &   0.01 &   0.03 &   0.00 &  0.05 &  0.12 &   0.03 &   0.02 &   0.18 &   1.00 &  0.02 &     0.00 &   0.06 &    0.00 &   0.22 \\
Fstf     &    -0.00 &     0.01 &     0.03 &     0.04 &      0.03 &      0.04 &      0.02 &  -0.03 &  -0.01 &     0.16 & 0.09 & 0.13 &   0.09 &   0.13 &   0.07 &   0.07 &   0.03 &   0.09 &   0.06 &   0.06 &   0.11 &  0.11 &  0.03 &   0.06 &   0.05 &   0.06 &   0.02 &  1.00 &     0.07 &   0.06 &    0.05 &   0.08 \\
StrklVu  &     0.03 &     0.03 &     0.01 &     0.01 &      0.01 &      0.03 &      0.02 &   0.04 &   0.04 &     0.09 & 0.03 & 0.06 &   0.04 &   0.09 &   0.05 &   0.01 &   0.00 &   0.04 &   0.01 &   0.01 &   0.01 &  0.02 &  0.00 &   0.04 &   0.04 &   0.03 &   0.00 &  0.07 &     1.00 &   0.05 &    0.01 &   0.09 \\
WoTag    &     0.10 &     0.09 &     0.12 &     0.11 &      0.11 &      0.08 &      0.16 &   0.04 &   0.07 &     0.11 & 0.09 & 0.10 &   0.09 &   0.11 &   0.07 &   0.10 &   0.07 &   0.09 &   0.04 &   0.06 &   0.09 &  0.07 &  0.05 &   0.07 &   0.07 &   0.08 &   0.06 &  0.06 &     0.05 &   1.00 &    0.15 &   0.12 \\
FeiTag   &    -0.00 &     0.01 &     0.02 &     0.04 &      0.02 &      0.00 &      0.02 &  -0.02 &   0.03 &     0.09 & 0.06 & 0.06 &   0.05 &   0.08 &   0.04 &   0.05 &   0.01 &   0.07 &   0.00 &   0.03 &   0.03 &  0.01 &  0.07 &   0.03 &   0.03 &   0.04 &   0.00 &  0.05 &     0.01 &   0.15 &    1.00 &   0.17 \\
Month    &     0.14 &     0.10 &     0.12 &     0.10 &      0.09 &      0.07 &      0.15 &   0.04 &   0.12 &     0.11 & 0.10 & 0.09 &   0.08 &   0.08 &   0.08 &   0.14 &   0.08 &   0.08 &   0.06 &   0.08 &   0.07 &  0.12 &  0.06 &   0.21 &   0.25 &   0.27 &   0.22 &  0.08 &     0.09 &   0.12 &    0.17 &   1.00 \\
\bottomrule
\end{tabular}
