\begin{tabular}{lrrrrrrrrrrrrrrrr}
\toprule
{} &  TMax &  TAvg &  SMax &  SAvg &  TDist &  SDist &   Cov &  TLCar &  TLHGV &  Str &   AGF &  Einzug &  Richtung &  Length &  Duration &  Month \\
\midrule
TMax     &  1.00 &  0.79 &  0.57 &  0.49 &  -0.16 &  -0.03 & -0.23 &   0.05 &  -0.01 & 0.21 & -0.05 &    0.04 &      0.02 &    0.08 &      0.03 &   0.14 \\
TAvg     &  0.79 &  1.00 &  0.27 &  0.45 &  -0.15 &  -0.00 &  0.17 &   0.03 &   0.03 & 0.22 &  0.04 &   -0.05 &      0.02 &    0.01 &      0.02 &   0.22 \\
SMax     &  0.57 &  0.27 &  1.00 &  0.74 &  -0.13 &  -0.08 & -0.51 &  -0.00 &  -0.04 & 0.29 & -0.12 &    0.15 &     -0.01 &    0.13 &     -0.00 &   0.19 \\
SAvg     &  0.49 &  0.45 &  0.74 &  1.00 &  -0.13 &  -0.11 & -0.04 &   0.00 &  -0.00 & 0.22 & -0.06 &    0.07 &     -0.02 &    0.07 &     -0.00 &   0.15 \\
TDist    & -0.16 & -0.15 & -0.13 & -0.13 &   1.00 &  -0.01 &  0.02 &   0.02 &   0.05 & 0.27 & -0.01 &   -0.04 &      0.02 &   -0.13 &     -0.02 &   0.27 \\
SDist    & -0.03 & -0.00 & -0.08 & -0.11 &  -0.01 &   1.00 & -0.03 &  -0.01 &  -0.03 & 0.16 & -0.03 &    0.06 &      0.02 &   -0.09 &     -0.01 &   0.18 \\
Cov      & -0.23 &  0.17 & -0.51 & -0.04 &   0.02 &  -0.03 &  1.00 &  -0.06 &  -0.04 & 0.39 &  0.21 &   -0.16 &     -0.01 &   -0.12 &     -0.02 &   0.21 \\
TLCar    &  0.05 &  0.03 & -0.00 &  0.00 &   0.02 &  -0.01 & -0.06 &   1.00 &   0.12 & 0.15 & -0.03 &    0.01 &     -0.03 &    0.03 &      0.01 &   0.14 \\
TLHGV    & -0.01 &  0.03 & -0.04 & -0.00 &   0.05 &  -0.03 & -0.04 &   0.12 &   1.00 & 0.17 & -0.02 &   -0.01 &      0.05 &    0.01 &      0.02 &   0.13 \\
Str      &  0.21 &  0.22 &  0.29 &  0.22 &   0.27 &   0.16 &  0.39 &   0.15 &   0.17 & 1.00 &  0.17 &    0.18 &      0.14 &    0.18 &      0.07 &   0.19 \\
AGF      & -0.05 &  0.04 & -0.12 & -0.06 &  -0.01 &  -0.03 &  0.21 &  -0.03 &  -0.02 & 0.17 &  1.00 &   -0.71 &      0.06 &   -0.06 &     -0.07 &   0.14 \\
Einzug   &  0.04 & -0.05 &  0.15 &  0.07 &  -0.04 &   0.06 & -0.16 &   0.01 &  -0.01 & 0.18 & -0.71 &    1.00 &      0.15 &    0.03 &     -0.13 &   0.15 \\
Richtung &  0.02 &  0.02 & -0.01 & -0.02 &   0.02 &   0.02 & -0.01 &  -0.03 &   0.05 & 0.14 &  0.06 &    0.15 &      1.00 &   -0.04 &     -0.08 &   0.16 \\
Length   &  0.08 &  0.01 &  0.13 &  0.07 &  -0.13 &  -0.09 & -0.12 &   0.03 &   0.01 & 0.18 & -0.06 &    0.03 &     -0.04 &    1.00 &      0.08 &   0.09 \\
Duration &  0.03 &  0.02 & -0.00 & -0.00 &  -0.02 &  -0.01 & -0.02 &   0.01 &   0.02 & 0.07 & -0.07 &   -0.13 &     -0.08 &    0.08 &      1.00 &   0.06 \\
Month    &  0.14 &  0.22 &  0.19 &  0.15 &   0.27 &   0.18 &  0.21 &   0.14 &   0.13 & 0.19 &  0.14 &    0.15 &      0.16 &    0.09 &      0.06 &   1.00 \\
\bottomrule
\end{tabular}
