\begin{tabular}{lrrrrrrrrrrrrrrrr}
\toprule
{} &  TMax &  TAvg &  SMax &  SAvg &  TDist &  SDist &   Cov &  TLCar &  TLHGV &   Str &  AnzGesperrtFs &  Einzug &  Richtung &  Length &  Duration &  Month \\
\midrule
TMax          &  1.00 &  0.80 &  0.54 &  0.47 &  -0.18 &  -0.02 & -0.18 &   0.06 &   0.00 &  0.01 &          -0.04 &    0.02 &      0.02 &    0.06 &      0.02 &   0.13 \\
TAvg          &  0.80 &  1.00 &  0.24 &  0.43 &  -0.17 &  -0.00 &  0.20 &   0.04 &   0.03 & -0.01 &           0.06 &   -0.07 &      0.02 &   -0.00 &      0.02 &   0.20 \\
SMax          &  0.54 &  0.24 &  1.00 &  0.72 &  -0.14 &  -0.08 & -0.48 &   0.00 &  -0.04 & -0.04 &          -0.13 &    0.12 &     -0.01 &    0.13 &      0.00 &   0.20 \\
SAvg          &  0.47 &  0.43 &  0.72 &  1.00 &  -0.16 &  -0.11 &  0.01 &   0.00 &  -0.00 & -0.09 &          -0.06 &    0.04 &     -0.02 &    0.07 &      0.00 &   0.14 \\
TDist         & -0.18 & -0.17 & -0.14 & -0.16 &   1.00 &   0.07 & -0.02 &   0.00 &   0.02 & -0.09 &          -0.04 &    0.00 &      0.01 &   -0.06 &     -0.02 &   0.15 \\
SDist         & -0.02 & -0.00 & -0.08 & -0.11 &   0.07 &   1.00 & -0.07 &   0.01 &   0.01 & -0.03 &          -0.06 &    0.09 &      0.03 &   -0.11 &     -0.01 &   0.13 \\
Cov           & -0.18 &  0.20 & -0.48 &  0.01 &  -0.02 &  -0.07 &  1.00 &  -0.07 &  -0.03 &  0.08 &           0.17 &   -0.16 &     -0.00 &   -0.11 &     -0.01 &   0.22 \\
TLCar         &  0.06 &  0.04 &  0.00 &  0.00 &   0.00 &   0.01 & -0.07 &   1.00 &   0.10 & -0.07 &          -0.03 &    0.01 &     -0.02 &    0.02 &      0.00 &   0.14 \\
TLHGV         &  0.00 &  0.03 & -0.04 & -0.00 &   0.02 &   0.01 & -0.03 &   0.10 &   1.00 & -0.08 &          -0.02 &    0.01 &      0.03 &    0.00 &      0.02 &   0.12 \\
Str           &  0.01 & -0.01 & -0.04 & -0.09 &  -0.09 &  -0.03 &  0.08 &  -0.07 &  -0.08 &  1.00 &          -0.02 &    0.05 &     -0.02 &   -0.04 &     -0.02 &   0.27 \\
AnzGesperrtFs & -0.04 &  0.06 & -0.13 & -0.06 &  -0.04 &  -0.06 &  0.17 &  -0.03 &  -0.02 & -0.02 &           1.00 &    0.50 &      0.18 &   -0.02 &      0.14 &   0.10 \\
Einzug        &  0.02 & -0.07 &  0.12 &  0.04 &   0.00 &   0.09 & -0.16 &   0.01 &   0.01 &  0.05 &           0.50 &    1.00 &      0.14 &    0.03 &     -0.13 &   0.14 \\
Richtung      &  0.02 &  0.02 & -0.01 & -0.02 &   0.01 &   0.03 & -0.00 &  -0.02 &   0.03 & -0.02 &           0.18 &    0.14 &      1.00 &   -0.05 &     -0.07 &   0.14 \\
Length        &  0.06 & -0.00 &  0.13 &  0.07 &  -0.06 &  -0.11 & -0.11 &   0.02 &   0.00 & -0.04 &          -0.02 &    0.03 &     -0.05 &    1.00 &      0.07 &   0.09 \\
Duration      &  0.02 &  0.02 &  0.00 &  0.00 &  -0.02 &  -0.01 & -0.01 &   0.00 &   0.02 & -0.02 &           0.14 &   -0.13 &     -0.07 &    0.07 &      1.00 &   0.05 \\
Month         &  0.13 &  0.20 &  0.20 &  0.14 &   0.15 &   0.13 &  0.22 &   0.14 &   0.12 &  0.27 &           0.10 &    0.14 &      0.14 &    0.09 &      0.05 &   1.00 \\
\bottomrule
\end{tabular}
