\begin{tabular}{lrrrrrrrrrrrrrrrr}
\toprule
{} &  TMax &  TAvg &  SMax &  SAvg &  TDist &  SDist &  Cov &  TLCar &  TLHGV &  Str &  AGF &  Einzug &  Richtung &  Length &  Duration &  Month \\
\midrule
TMax     &  1.00 &  0.60 &  0.42 &  0.43 &   0.11 &   0.38 & 0.17 &   0.09 &   0.05 & 0.23 & 0.04 &    0.06 &      0.03 &    0.11 &      0.16 &   0.16 \\
TAvg     &  0.60 &  1.00 &  0.25 &  0.38 &   0.12 &   0.38 & 0.15 &   0.09 &   0.09 & 0.17 & 0.04 &    0.05 &      0.03 &    0.05 &      0.14 &   0.17 \\
SMax     &  0.42 &  0.25 &  1.00 &  0.50 &   0.11 &   0.38 & 0.33 &   0.09 &   0.07 & 0.22 & 0.06 &    0.06 &      0.02 &    0.14 &      0.14 &   0.14 \\
SAvg     &  0.43 &  0.38 &  0.50 &  1.00 &   0.11 &   0.37 & 0.14 &   0.09 &   0.11 & 0.19 & 0.05 &    0.06 &      0.02 &    0.08 &      0.11 &   0.15 \\
TDist    &  0.11 &  0.12 &  0.11 &  0.11 &   1.00 &   0.40 & 0.10 &   0.10 &   0.12 & 0.09 & 0.07 &    0.07 &      0.09 &    0.09 &      0.12 &   0.09 \\
SDist    &  0.38 &  0.38 &  0.38 &  0.37 &   0.40 &   1.00 & 0.38 &   0.38 &   0.38 & 0.35 & 0.25 &    0.29 &      0.25 &    0.37 &      0.37 &   0.43 \\
Cov      &  0.17 &  0.15 &  0.33 &  0.14 &   0.10 &   0.38 & 1.00 &   0.09 &   0.10 & 0.28 & 0.06 &    0.07 &      0.03 &    0.12 &      0.05 &   0.17 \\
TLCar    &  0.09 &  0.09 &  0.09 &  0.09 &   0.10 &   0.38 & 0.09 &   1.00 &   0.12 & 0.14 & 0.06 &    0.07 &      0.06 &    0.08 &      0.11 &   0.17 \\
TLHGV    &  0.05 &  0.09 &  0.07 &  0.11 &   0.12 &   0.38 & 0.10 &   0.12 &   1.00 & 0.15 & 0.05 &    0.05 &      0.02 &    0.08 &      0.08 &   0.15 \\
Str      &  0.23 &  0.17 &  0.22 &  0.19 &   0.09 &   0.35 & 0.28 &   0.14 &   0.15 & 1.00 & 0.07 &    0.12 &      0.10 &    0.29 &      0.22 &   0.18 \\
AGF      &  0.04 &  0.04 &  0.06 &  0.05 &   0.07 &   0.25 & 0.06 &   0.06 &   0.05 & 0.07 & 1.00 &    0.50 &      0.20 &    0.03 &      0.08 &   0.11 \\
Einzug   &  0.06 &  0.05 &  0.06 &  0.06 &   0.07 &   0.29 & 0.07 &   0.07 &   0.05 & 0.12 & 0.50 &    1.00 &      0.66 &    0.08 &      0.09 &   0.15 \\
Richtung &  0.03 &  0.03 &  0.02 &  0.02 &   0.09 &   0.25 & 0.03 &   0.06 &   0.02 & 0.10 & 0.20 &    0.66 &      1.00 &    0.04 &      0.02 &   0.16 \\
Length   &  0.11 &  0.05 &  0.14 &  0.08 &   0.09 &   0.37 & 0.12 &   0.08 &   0.08 & 0.29 & 0.03 &    0.08 &      0.04 &    1.00 &      0.33 &   0.13 \\
Duration &  0.16 &  0.14 &  0.14 &  0.11 &   0.12 &   0.37 & 0.05 &   0.11 &   0.08 & 0.22 & 0.08 &    0.09 &      0.02 &    0.33 &      1.00 &   0.14 \\
Month    &  0.16 &  0.17 &  0.14 &  0.15 &   0.09 &   0.43 & 0.17 &   0.17 &   0.15 & 0.18 & 0.11 &    0.15 &      0.16 &    0.13 &      0.14 &   1.00 \\
\bottomrule
\end{tabular}
