\begin{tabular}{lrrrrrrrrrrrrrrrrrrrrrrrrrrrrrrr}
\toprule
{} &  TMax &  TAvg &  SMax &  SAvg &  TDist &  SDist &   Cov &  TLCar &  TLHGV &  Str &  Kat &  Typ &  Betei &  UArt1 &  UArt2 &  AUrs1 &  AUrs2 &  AufHi &  Alkoh &  Char1 &  Char2 &  Bes1 &  Bes2 &  Lich1 &  Lich2 &  Zust1 &  Zust2 &  Fstf &  WoTag &  FeiTag &  Month \\
\midrule
TMax   &  1.00 &  0.48 & -0.16 &  0.07 &   0.02 &  -0.04 & -0.14 &  -0.04 &   0.03 & 0.21 & 0.05 & 0.05 &   0.00 &   0.10 &   0.05 &   0.10 &   0.06 &   0.06 &  -0.05 &   0.05 &   0.02 & -0.04 & -0.02 &   0.01 &   0.02 &   0.05 &   0.02 &  0.02 &   0.12 &    0.03 &   0.10 \\
TAvg   &  0.48 &  1.00 & -0.02 &  0.08 &  -0.01 &  -0.02 & -0.01 &  -0.02 &   0.02 & 0.15 & 0.05 & 0.07 &  -0.02 &   0.08 &   0.04 &   0.10 &   0.06 &   0.06 &  -0.03 &   0.03 &   0.01 & -0.02 & -0.02 &   0.04 &   0.04 &   0.03 &   0.03 &  0.02 &   0.12 &    0.01 &   0.09 \\
SMax   & -0.16 & -0.02 &  1.00 &  0.33 &   0.02 &   0.04 & -0.12 &   0.02 &   0.02 & 0.10 & 0.04 & 0.06 &  -0.01 &   0.08 &   0.05 &   0.12 &   0.05 &   0.05 &   0.02 &   0.05 &   0.04 &  0.00 &  0.01 &   0.05 &   0.06 &   0.05 &   0.05 &  0.01 &   0.05 &    0.02 &   0.07 \\
SAvg   &  0.07 &  0.08 &  0.33 &  1.00 &   0.04 &   0.05 &  0.01 &  -0.02 &   0.01 & 0.22 & 0.09 & 0.07 &  -0.05 &   0.07 &   0.06 &   0.10 &   0.04 &   0.07 &   0.05 &   0.05 &   0.05 &  0.02 &  0.05 &   0.01 &   0.05 &   0.03 &   0.05 & -0.02 &   0.07 &   -0.01 &   0.09 \\
TDist  &  0.02 & -0.01 &  0.02 &  0.04 &   1.00 &   0.05 & -0.08 &   0.02 &  -0.01 & 0.12 & 0.21 & 0.26 &  -0.03 &   0.29 &   0.14 &   0.21 &   0.11 &   0.22 &   0.01 &   0.13 &   0.13 & -0.08 & -0.02 &   0.14 &   0.15 &   0.14 &   0.08 &  0.06 &   0.12 &   -0.03 &   0.08 \\
SDist  & -0.04 & -0.02 &  0.04 &  0.05 &   0.05 &   1.00 &  0.01 &  -0.01 &  -0.03 & 0.10 & 0.10 & 0.05 &  -0.02 &   0.07 &   0.07 &   0.15 &   0.02 &   0.04 &  -0.04 &   0.07 &   0.04 &  0.04 & -0.02 &   0.09 &   0.06 &   0.07 &   0.03 &  0.04 &   0.08 &   -0.01 &   0.06 \\
Cov    & -0.14 & -0.01 & -0.12 &  0.01 &  -0.08 &   0.01 &  1.00 &  -0.01 &  -0.01 & 0.24 & 0.08 & 0.08 &   0.02 &   0.08 &   0.06 &   0.12 &   0.08 &   0.10 &  -0.02 &   0.08 &   0.03 &  0.03 &  0.01 &   0.06 &   0.06 &   0.11 &   0.04 & -0.00 &   0.12 &   -0.02 &   0.12 \\
TLCar  & -0.04 & -0.02 &  0.02 & -0.02 &   0.02 &  -0.01 & -0.01 &   1.00 &   0.04 & 0.09 & 0.03 & 0.07 &   0.08 &   0.07 &   0.06 &   0.09 &   0.06 &   0.06 &   0.02 &   0.05 &   0.01 &  0.00 & -0.00 &   0.05 &   0.05 &   0.04 &   0.04 &  0.06 &   0.07 &    0.02 &   0.07 \\
TLHGV  &  0.03 &  0.02 &  0.02 &  0.01 &  -0.01 &  -0.03 & -0.01 &   0.04 &   1.00 & 0.10 & 0.05 & 0.05 &   0.06 &   0.07 &   0.07 &   0.09 &   0.06 &   0.06 &   0.04 &   0.05 &   0.04 &  0.02 &  0.01 &   0.04 &   0.04 &   0.05 &   0.05 &  0.05 &   0.07 &    0.04 &   0.10 \\
Str    &  0.21 &  0.15 &  0.10 &  0.22 &   0.12 &   0.10 &  0.24 &   0.09 &   0.10 & 1.00 & 0.10 & 0.10 &   0.08 &   0.09 &   0.09 &   0.09 &   0.08 &   0.09 &   0.06 &   0.10 &   0.08 &  0.12 &  0.10 &   0.11 &   0.09 &   0.14 &   0.09 &  0.16 &   0.09 &    0.10 &   0.11 \\
Kat    &  0.05 &  0.05 &  0.04 &  0.09 &   0.21 &   0.10 &  0.08 &   0.03 &   0.05 & 0.10 & 1.00 & 0.53 &   0.53 &   0.38 &   0.46 &   0.10 &   0.05 &   0.49 &   0.71 &   0.51 &   0.71 &  0.20 &  0.49 &   0.06 &   0.58 &   0.07 &   0.71 &  0.07 &   0.51 &    0.71 &   0.10 \\
Typ    &  0.05 &  0.07 &  0.06 &  0.07 &   0.26 &   0.05 &  0.08 &   0.07 &   0.05 & 0.10 & 0.53 & 1.00 &   0.50 &   0.56 &   0.37 &   0.23 &   0.07 &   0.44 &   0.71 &   0.46 &   0.72 &  0.13 &  0.49 &   0.08 &   0.58 &   0.20 &   0.71 &  0.09 &   0.42 &    0.71 &   0.10 \\
Betei  &  0.00 & -0.02 & -0.01 & -0.05 &  -0.03 &  -0.02 &  0.02 &   0.08 &   0.06 & 0.08 & 0.53 & 0.50 &   1.00 &   0.31 &   0.31 &   0.17 &   0.30 &   0.39 &   0.71 &   0.45 &   0.72 & -0.03 & -0.16 &   0.09 &   0.58 &   0.15 &   0.73 &  0.07 &   0.36 &    0.71 &   0.09 \\
UArt1  &  0.10 &  0.08 &  0.08 &  0.07 &   0.29 &   0.07 &  0.08 &   0.07 &   0.07 & 0.09 & 0.38 & 0.56 &   0.31 &   1.00 &   0.18 &   0.22 &   0.10 &   0.33 &   0.32 &   0.24 &   0.34 &  0.24 &  0.22 &   0.08 &   0.26 &   0.17 &   0.32 &  0.08 &   0.19 &    0.32 &   0.08 \\
UArt2  &  0.05 &  0.04 &  0.05 &  0.06 &   0.14 &   0.07 &  0.06 &   0.06 &   0.07 & 0.09 & 0.46 & 0.37 &   0.31 &   0.18 &   1.00 &   0.14 &   0.05 &   0.38 &   0.63 &   0.41 &   0.64 &  0.12 &  0.44 &   0.07 &   0.52 &   0.06 &   0.63 &  0.08 &   0.32 &    0.63 &   0.08 \\
AUrs1  &  0.10 &  0.10 &  0.12 &  0.10 &   0.21 &   0.15 &  0.12 &   0.09 &   0.09 & 0.09 & 0.10 & 0.23 &   0.17 &   0.22 &   0.14 &   1.00 &   0.45 &   0.15 &   0.03 &   0.09 &   0.11 &  0.14 &  0.02 &   0.10 &   0.09 &   0.48 &   0.34 &  0.08 &   0.10 &    0.04 &   0.14 \\
AUrs2  &  0.06 &  0.06 &  0.05 &  0.04 &   0.11 &   0.02 &  0.08 &   0.06 &   0.06 & 0.08 & 0.05 & 0.07 &   0.30 &   0.10 &   0.05 &   0.45 &   1.00 &   0.04 &   0.01 &   0.04 &   0.08 &  0.06 &  0.01 &   0.05 &   0.03 &   0.17 &   0.32 &  0.24 &   0.07 &    0.01 &   0.08 \\
AufHi  &  0.06 &  0.06 &  0.05 &  0.07 &   0.22 &   0.04 &  0.10 &   0.06 &   0.06 & 0.09 & 0.49 & 0.44 &   0.39 &   0.33 &   0.38 &   0.15 &   0.04 &   1.00 &   0.67 &   0.43 &   0.68 &  0.16 &  0.46 &   0.08 &   0.55 &   0.16 &   0.67 &  0.07 &   0.34 &    0.67 &   0.08 \\
Alkoh  & -0.05 & -0.03 &  0.02 &  0.05 &   0.01 &  -0.04 & -0.02 &   0.02 &   0.04 & 0.06 & 0.71 & 0.71 &   0.71 &   0.32 &   0.63 &   0.03 &   0.01 &   0.67 &   1.00 &   0.71 &   0.71 &  0.01 &  0.18 &   0.09 &   0.71 &   0.04 &   0.71 &  0.05 &   0.71 &    0.71 &   0.09 \\
Char1  &  0.05 &  0.03 &  0.05 &  0.05 &   0.13 &   0.07 &  0.08 &   0.05 &   0.05 & 0.10 & 0.51 & 0.46 &   0.45 &   0.24 &   0.41 &   0.09 &   0.04 &   0.43 &   0.71 &   1.00 &   0.82 &  0.04 &  0.49 &   0.06 &   0.58 &   0.08 &   0.71 &  0.07 &   0.45 &    0.71 &   0.09 \\
Char2  &  0.02 &  0.01 &  0.04 &  0.05 &   0.13 &   0.04 &  0.03 &   0.01 &   0.04 & 0.08 & 0.71 & 0.72 &   0.72 &   0.34 &   0.64 &   0.11 &   0.08 &   0.68 &   0.71 &   0.82 &   1.00 &  0.04 &  0.49 &   0.06 &   0.71 &   0.09 &   0.71 &  0.09 &   0.71 &    0.71 &   0.09 \\
Bes1   & -0.04 & -0.02 &  0.00 &  0.02 &  -0.08 &   0.04 &  0.03 &   0.00 &   0.02 & 0.12 & 0.20 & 0.13 &  -0.03 &   0.24 &   0.12 &   0.14 &   0.06 &   0.16 &   0.01 &   0.04 &   0.04 &  1.00 & -0.00 &   0.05 &   0.06 &   0.07 &   0.05 & -0.04 &   0.09 &    0.08 &   0.16 \\
Bes2   & -0.02 & -0.02 &  0.01 &  0.05 &  -0.02 &  -0.02 &  0.01 &  -0.00 &   0.01 & 0.10 & 0.49 & 0.49 &  -0.16 &   0.22 &   0.44 &   0.02 &   0.01 &   0.46 &   0.18 &   0.49 &   0.49 & -0.00 &  1.00 &   0.03 &   0.49 &   0.04 &   0.49 & -0.00 &   0.50 &    0.48 &   0.08 \\
Lich1  &  0.01 &  0.04 &  0.05 &  0.01 &   0.14 &   0.09 &  0.06 &   0.05 &   0.04 & 0.11 & 0.06 & 0.08 &   0.09 &   0.08 &   0.07 &   0.10 &   0.05 &   0.08 &   0.09 &   0.06 &   0.06 &  0.05 &  0.03 &   1.00 &   0.58 &   0.47 &   0.04 &  0.06 &   0.07 &    0.04 &   0.21 \\
Lich2  &  0.02 &  0.04 &  0.06 &  0.05 &   0.15 &   0.06 &  0.06 &   0.05 &   0.04 & 0.09 & 0.58 & 0.58 &   0.58 &   0.26 &   0.52 &   0.09 &   0.03 &   0.55 &   0.71 &   0.58 &   0.71 &  0.06 &  0.49 &   0.58 &   1.00 &   0.13 &   0.71 &  0.05 &   0.58 &    0.71 &   0.22 \\
Zust1  &  0.05 &  0.03 &  0.05 &  0.03 &   0.14 &   0.07 &  0.11 &   0.04 &   0.05 & 0.14 & 0.07 & 0.20 &   0.15 &   0.17 &   0.06 &   0.48 &   0.17 &   0.16 &   0.04 &   0.08 &   0.09 &  0.07 &  0.04 &   0.47 &   0.13 &   1.00 &   0.13 &  0.05 &   0.09 &    0.05 &   0.27 \\
Zust2  &  0.02 &  0.03 &  0.05 &  0.05 &   0.08 &   0.03 &  0.04 &   0.04 &   0.05 & 0.09 & 0.71 & 0.71 &   0.73 &   0.32 &   0.63 &   0.34 &   0.32 &   0.67 &   0.71 &   0.71 &   0.71 &  0.05 &  0.49 &   0.04 &   0.71 &   0.13 &   1.00 &  0.04 &   0.71 &    0.71 &   0.17 \\
Fstf   &  0.02 &  0.02 &  0.01 & -0.02 &   0.06 &   0.04 & -0.00 &   0.06 &   0.05 & 0.16 & 0.07 & 0.09 &   0.07 &   0.08 &   0.08 &   0.08 &   0.24 &   0.07 &   0.05 &   0.07 &   0.09 & -0.04 & -0.00 &   0.06 &   0.05 &   0.05 &   0.04 &  1.00 &   0.06 &    0.04 &   0.08 \\
WoTag  &  0.12 &  0.12 &  0.05 &  0.07 &   0.12 &   0.08 &  0.12 &   0.07 &   0.07 & 0.09 & 0.51 & 0.42 &   0.36 &   0.19 &   0.32 &   0.10 &   0.07 &   0.34 &   0.71 &   0.45 &   0.71 &  0.09 &  0.50 &   0.07 &   0.58 &   0.09 &   0.71 &  0.06 &   1.00 &    0.71 &   0.12 \\
FeiTag &  0.03 &  0.01 &  0.02 & -0.01 &  -0.03 &  -0.01 & -0.02 &   0.02 &   0.04 & 0.10 & 0.71 & 0.71 &   0.71 &   0.32 &   0.63 &   0.04 &   0.01 &   0.67 &   0.71 &   0.71 &   0.71 &  0.08 &  0.48 &   0.04 &   0.71 &   0.05 &   0.71 &  0.04 &   0.71 &    1.00 &   0.14 \\
Month  &  0.10 &  0.09 &  0.07 &  0.09 &   0.08 &   0.06 &  0.12 &   0.07 &   0.10 & 0.11 & 0.10 & 0.10 &   0.09 &   0.08 &   0.08 &   0.14 &   0.08 &   0.08 &   0.09 &   0.09 &   0.09 &  0.16 &  0.08 &   0.21 &   0.22 &   0.27 &   0.17 &  0.08 &   0.12 &    0.14 &   1.00 \\
\bottomrule
\end{tabular}
