\begin{tabular}{lrrrrrrrrrrrrrrrrrrrrrrr}
\toprule
{} &  Strasse &  Kat &  Typ &  Betei &  UArt1 &  UArt2 &  AUrs1 &  AUrs2 &  AufHi &  Alkoh &  Char1 &  Char2 &  Bes1 &  Bes2 &  Lich1 &  Lich2 &  Zust1 &  Zust2 &  Fstf &  StrklVu &  WoTag &  FeiTag &  Month \\
\midrule
Strasse &     1.00 & 0.07 & 0.11 &   0.08 &   0.09 &   0.05 &   0.07 &   0.04 &   0.08 &   0.07 &   0.12 &   0.10 &  0.17 &  0.04 &   0.05 &   0.06 &   0.10 &   0.06 &  0.15 &     0.04 &   0.08 &    0.05 &   0.05 \\
Kat     &     0.07 & 1.00 & 0.16 &   0.18 &   0.31 &   0.10 &   0.08 &   0.05 &   0.12 &   0.02 &   0.05 &   0.03 &  0.06 &  0.01 &   0.02 &   0.04 &   0.05 &   0.02 &  0.08 &     0.01 &   0.07 &    0.03 &   0.05 \\
Typ     &     0.11 & 0.16 & 1.00 &   0.31 &   0.56 &   0.06 &   0.26 &   0.06 &   0.25 &   0.06 &   0.15 &   0.09 &  0.14 &  0.02 &   0.09 &   0.20 &   0.33 &   0.12 &  0.16 &     0.06 &   0.09 &    0.05 &   0.09 \\
Betei   &     0.08 & 0.18 & 0.31 &   1.00 &   0.28 &   0.06 &   0.14 &   0.20 &   0.24 &   0.04 &   0.07 &   0.07 &  0.10 &  0.04 &   0.09 &   0.09 &   0.25 &   0.10 &  0.08 &     0.02 &   0.06 &    0.06 &   0.06 \\
UArt1   &     0.09 & 0.31 & 0.56 &   0.28 &   1.00 &   0.08 &   0.21 &   0.05 &   0.32 &   0.05 &   0.14 &   0.09 &  0.16 &  0.03 &   0.10 &   0.22 &   0.25 &   0.09 &  0.16 &     0.07 &   0.09 &    0.05 &   0.06 \\
UArt2   &     0.05 & 0.10 & 0.06 &   0.06 &   0.08 &   1.00 &   0.06 &   0.03 &   0.15 &   0.04 &   0.03 &   0.05 &  0.06 &  0.01 &   0.03 &   0.05 &   0.08 &   0.04 &  0.04 &     0.01 &   0.06 &    0.01 &   0.04 \\
AUrs1   &     0.07 & 0.08 & 0.26 &   0.14 &   0.21 &   0.06 &   1.00 &   0.20 &   0.16 &   0.05 &   0.08 &   0.09 &  0.14 &  0.19 &   0.12 &   0.13 &   0.66 &   0.77 &  0.05 &     0.02 &   0.11 &    0.04 &   0.15 \\
AUrs2   &     0.04 & 0.05 & 0.06 &   0.20 &   0.05 &   0.03 &   0.20 &   1.00 &   0.06 &   0.04 &   0.03 &   0.06 &  0.05 &  0.00 &   0.04 &   0.03 &   0.12 &   0.33 &  0.03 &     0.00 &   0.03 &    0.03 &   0.05 \\
AufHi   &     0.08 & 0.12 & 0.25 &   0.24 &   0.32 &   0.15 &   0.16 &   0.06 &   1.00 &   0.04 &   0.08 &   0.10 &  0.13 &  0.02 &   0.08 &   0.10 &   0.25 &   0.09 &  0.06 &     0.02 &   0.10 &    0.04 &   0.06 \\
Alkoh   &     0.07 & 0.02 & 0.06 &   0.04 &   0.05 &   0.04 &   0.05 &   0.04 &   0.04 &   1.00 &   0.02 &   0.00 &  0.01 &  0.01 &   0.11 &   0.11 &   0.03 &   0.01 &  0.05 &     0.01 &   0.12 &    0.01 &   0.05 \\
Char1   &     0.12 & 0.05 & 0.15 &   0.07 &   0.14 &   0.03 &   0.08 &   0.03 &   0.08 &   0.02 &   1.00 &   0.58 &  0.05 &  0.02 &   0.04 &   0.05 &   0.10 &   0.03 &  0.06 &     0.02 &   0.06 &    0.02 &   0.04 \\
Char2   &     0.10 & 0.03 & 0.09 &   0.07 &   0.09 &   0.05 &   0.09 &   0.06 &   0.10 &   0.00 &   0.58 &   1.00 &  0.04 &  0.01 &   0.04 &   0.04 &   0.08 &   0.03 &  0.08 &     0.01 &   0.06 &    0.02 &   0.04 \\
Bes1    &     0.17 & 0.06 & 0.14 &   0.10 &   0.16 &   0.06 &   0.14 &   0.05 &   0.13 &   0.01 &   0.05 &   0.04 &  1.00 &  0.50 &   0.03 &   0.03 &   0.09 &   0.03 &  0.11 &     0.01 &   0.06 &    0.01 &   0.10 \\
Bes2    &     0.04 & 0.01 & 0.02 &   0.04 &   0.03 &   0.01 &   0.19 &   0.00 &   0.02 &   0.01 &   0.02 &   0.01 &  0.50 &  1.00 &   0.02 &   0.02 &   0.01 &   0.00 &  0.02 &     0.00 &   0.03 &    0.01 &   0.03 \\
Lich1   &     0.05 & 0.02 & 0.09 &   0.09 &   0.10 &   0.03 &   0.12 &   0.04 &   0.08 &   0.11 &   0.04 &   0.04 &  0.03 &  0.02 &   1.00 &   0.71 &   0.16 &   0.06 &  0.05 &     0.02 &   0.07 &    0.03 &   0.21 \\
Lich2   &     0.06 & 0.04 & 0.20 &   0.09 &   0.22 &   0.05 &   0.13 &   0.03 &   0.10 &   0.11 &   0.05 &   0.04 &  0.03 &  0.02 &   0.71 &   1.00 &   0.16 &   0.06 &  0.17 &     0.05 &   0.08 &    0.03 &   0.20 \\
Zust1   &     0.10 & 0.05 & 0.33 &   0.25 &   0.25 &   0.08 &   0.66 &   0.12 &   0.25 &   0.03 &   0.10 &   0.08 &  0.09 &  0.01 &   0.16 &   0.16 &   1.00 &   0.17 &  0.06 &     0.01 &   0.13 &    0.05 &   0.37 \\
Zust2   &     0.06 & 0.02 & 0.12 &   0.10 &   0.09 &   0.04 &   0.77 &   0.33 &   0.09 &   0.01 &   0.03 &   0.03 &  0.03 &  0.00 &   0.06 &   0.06 &   0.17 &   1.00 &  0.05 &     0.00 &   0.25 &    0.02 &   0.17 \\
Fstf    &     0.15 & 0.08 & 0.16 &   0.08 &   0.16 &   0.04 &   0.05 &   0.03 &   0.06 &   0.05 &   0.06 &   0.08 &  0.11 &  0.02 &   0.05 &   0.17 &   0.06 &   0.05 &  1.00 &     0.06 &   0.04 &    0.02 &   0.04 \\
StrklVu &     0.04 & 0.01 & 0.06 &   0.02 &   0.07 &   0.01 &   0.02 &   0.00 &   0.02 &   0.01 &   0.02 &   0.01 &  0.01 &  0.00 &   0.02 &   0.05 &   0.01 &   0.00 &  0.06 &     1.00 &   0.05 &    0.02 &   0.04 \\
WoTag   &     0.08 & 0.07 & 0.09 &   0.06 &   0.09 &   0.06 &   0.11 &   0.03 &   0.10 &   0.12 &   0.06 &   0.06 &  0.06 &  0.03 &   0.07 &   0.08 &   0.13 &   0.25 &  0.04 &     0.05 &   1.00 &    0.14 &   0.09 \\
FeiTag  &     0.05 & 0.03 & 0.05 &   0.06 &   0.05 &   0.01 &   0.04 &   0.03 &   0.04 &   0.01 &   0.02 &   0.02 &  0.01 &  0.01 &   0.03 &   0.03 &   0.05 &   0.02 &  0.02 &     0.02 &   0.14 &    1.00 &   0.13 \\
Month   &     0.05 & 0.05 & 0.09 &   0.06 &   0.06 &   0.04 &   0.15 &   0.05 &   0.06 &   0.05 &   0.04 &   0.04 &  0.10 &  0.03 &   0.21 &   0.20 &   0.37 &   0.17 &  0.04 &     0.04 &   0.09 &    0.13 &   1.00 \\
\bottomrule
\end{tabular}
